0.006788
0.058139
1.488818
0.190921
0.438557
0.483458
0.005442
0.013421
0.004713
0.061857
0.019504
0.090446
0.302115
0.167307
0.457903
2.300900
1.572557
3.225466
0.533986
0.100108
0.819712
0.568042
0.804915
3.904501
0.024948
0.068455
0.133514
0.073760
0.423031
0.297519
0.000944
0.000693
0.027643
0.006941
0.017323
0.062373
0.458546
0.563105
0.332430
0.969166
2.782661
5.067255
0.061242
0.081671
0.194924
0.485930
0.928891
4.516871
0.209425
0.014581
0.276061
0.077113
0.616884
0.418528
0.002877
0.000285
0.017823
0.015239
0.025145
0.040915
0.196249
0.191252
3.001004
1.570511
1.636945
3.613313
0.109128
0.086399
0.124334
1.332805
1.721609
4.755524
0.013751
0.031518
0.896394
0.373124
0.168932
0.219115
0.001577
0.000418
0.054798
0.002216
0.011603
0.115087
0.487623
0.218198
0.827882
1.395627
1.778924
4.412712
0.083604
0.077014
0.302386
0.555356
0.779020
3.773616
0.023898
0.032758
0.056394
0.072061
0.444400
0.206964
0.014663
0.018397
0.002127
0.005649
0.029363
0.051264
0.115501
0.171830
4.240235
0.664523
2.782412
6.423099
0.045573
0.066117
0.561426
0.649761
0.727383
3.891359
0.006922
0.017091
0.054904
0.120510
0.772132
0.389174
0.014094
0.011996
0.064367
0.160789
0.035885
0.090664
0.144865
0.095738
0.296644
1.892983
2.226861
3.100742
0.077280
0.175189
0.308360
0.612326
1.019608
3.889603
0.151066
0.264399
0.243792
0.318452
0.341007
0.268945
0.000262
0.000116
0.045760
0.010374
0.042078
0.093546
0.817028
0.165991
2.071191
1.494179
2.903495
4.601957
0.043675
0.091952
0.125978
0.485734
0.736104
3.726545
0.001136
0.032482
0.150279
0.206946
0.895772
0.233012
0.002266
0.002388
0.003799
0.015907
0.041942
0.075760
0.153889
0.268515
0.543884
1.055468
1.323746
3.283022
0.025821
0.023877
0.099116
0.371720
0.654076
2.896144
0.013705
0.009120
0.039256
0.068209
0.453036
0.252548
0.000998
0.000264
0.000995
0.002137
0.019549
0.082908
0.039742
0.158132
0.631820
0.974825
1.552417
3.981546
0.047619
0.063199
0.094774
0.357158
0.658070
2.977278
0.008382
0.007262
0.076203
0.086915
0.283175
0.234994
0.001304
0.000115
0.004685
0.001949
0.007800
0.034896
0.269722
0.220141
1.021691
1.024626
1.182295
4.133428
0.034845
0.052754
0.319646
0.397970
0.733668
3.211824
