0.237596
0.031271
0.069675
0.099436
0.005023
0.010933
0.041782
0.039149
0.092274
0.086769
0.080445
0.082366
0.051692
0.081800
0.042998
0.070258
0.244257
0.196693
0.220252
0.183993
0.131180
0.230864
0.056835
0.036285
0.005275
0.017487
0.021561
0.041053
0.001794
0.017339
0.044718
0.040827
0.000199
0.000062
0.000668
0.000737
0.030512
0.015985
0.013725
0.000039
0.049042
0.046776
0.046414
0.131188
0.045404
0.026443
0.006584
0.000178
0.015588
0.039421
0.038526
0.057298
0.037212
0.056950
0.060803
0.077969
0.258055
0.115107
0.084009
0.145351
0.081385
0.135901
0.050552
0.073296
0.467749
0.465017
0.372161
0.846000
0.713715
0.904263
0.198281
0.050376
0.058837
0.084001
0.072048
0.084119
0.045591
0.083192
0.122384
0.089590
0.095977
0.177558
0.063980
0.145612
0.149298
0.191988
0.147451
0.085597
0.556891
0.524538
0.253625
0.344034
0.519091
0.500243
0.329756
0.087776
0.008478
0.025650
0.043122
0.058533
0.006406
0.013143
0.051940
0.082771
0.036507
0.123165
0.071244
0.072099
0.047334
0.043396
0.055658
0.087244
0.445262
0.367195
0.429309
0.344004
0.339189
0.247182
0.025604
0.051443
0.011672
0.014384
0.035188
0.057041
0.000206
0.026641
0.041588
0.043217
0.020473
0.000191
0.000804
0.000788
0.000269
0.013341
0.000311
0.000022
0.204186
0.254414
0.198387
0.270436
0.213630
0.244001
0.050344
0.085599
0.018361
0.041287
0.038990
0.038163
0.018681
0.034835
0.042280
0.077129
0.060584
0.145520
0.107307
0.165737
0.113351
0.176041
0.067138
0.044785
0.344077
0.391121
0.355150
0.733299
0.757847
1.079922
0.288938
0.084250
0.049151
0.054397
0.041605
0.043192
0.003476
0.021050
0.041986
0.038152
0.090708
0.058158
0.043049
0.075204
0.045815
0.045323
0.060017
0.041588
0.215755
0.112365
0.121510
0.100577
0.203903
0.224635
0.136995
0.012243
0.061785
0.056166
0.055193
0.036000
0.014409
0.030427
0.045469
0.102368
0.048547
0.085655
0.096723
0.154007
0.135828
0.162360
0.082549
0.044798
0.397320
0.284611
0.271501
0.271265
0.157520
0.269364
0.044914
0.000647
0.011213
0.027199
0.041590
0.051999
0.000030
0.020124
0.036809
0.047997
0.061742
0.059202
0.079199
0.122783
0.041963
0.116126
0.059999
0.068800
0.096504
0.000336
0.028158
0.100050
0.021322
0.119439
0.037375
0.012047
0.022990
0.036000
0.041299
0.047896
0.030360
0.059586
0.058727
0.112471
0.065358
0.101744
0.068112
0.160435
0.144322
0.197825
0.068558
0.100021
0.303092
0.380415
0.367157
0.732645
0.735609
0.926980
0.246256
0.095991
0.070066
0.100798
0.063201
0.095555
0.027973
0.058397
0.077589
0.092784
0.118721
0.144004
0.125585
0.133594
0.074404
0.080550
0.088187
0.083975
0.600137
0.622371
0.407210
0.460791
0.765433
0.695979
0.548522
0.079643
0.000612
0.000662
0.013255
0.074559
0.000561
0.018466
0.027345
0.024207
0.034458
0.079785
0.062865
0.078790
0.053399
0.065739
0.034792
0.044281
0.199192
0.237055
0.218571
0.194390
0.150966
0.284501
0.082607
0.043109
0.006074
0.025266
0.047185
0.084799
0.007225
0.044797
0.055990
0.080796
0.037144
0.051201
0.125597
0.143977
0.051979
0.052475
0.000290
0.000013
0.006655
0.004221
0.022224
0.052503
0.018388
0.030316
0.028657
0.000190
0.019109
0.033613
0.045577
0.055137
0.030381
0.067884
0.061599
0.101539
0.065080
0.087036
0.076721
0.168631
0.133593
0.201552
0.072705
0.088528
0.297654
0.427283
0.346836
0.669406
0.746108
1.042221
0.229523
0.078360
0.077269
0.100832
0.062398
0.096800
0.025901
0.065290
0.119180
0.114829
0.113481
0.206397
0.118371
0.166744
0.083849
0.112776
0.086036
0.071954
0.585766
0.578379
0.320806
0.370379
0.658683
0.507168
0.233099
0.080455
0.000706
0.000703
0.001392
0.055551
0.014395
0.032183
0.007928
0.010394
0.049792
0.062395
0.080595
0.077432
0.046432
0.117725
0.046379
0.019903
0.210017
0.247624
0.243445
0.188798
0.132029
0.259116
0.087970
0.008028
0.006884
0.012389
0.000066
0.000037
0.000045
0.000084
0.000342
0.000011
0.032359
0.000268
0.001081
0.023652
0.000307
0.006165
0.007615
0.000303
0.018809
0.012943
0.023025
0.019111
0.013235
0.083356
0.053955
0.013484
0.016142
0.043537
0.043187
0.055958
0.055749
0.102732
0.056376
0.133200
0.110618
0.122529
0.079999
0.178146
0.168770
0.191285
0.065270
0.095960
0.297359
0.413304
0.331529
0.747497
0.771174
0.987590
0.234959
0.084878
0.052461
0.083910
0.075999
0.116620
0.035868
0.076795
0.071151
0.108024
0.123539
0.096002
0.089574
0.123456
0.076344
0.234832
0.158928
0.103999
0.180404
0.309259
0.187968
0.216695
0.392401
0.531378
0.353525
0.067540
0.032460
0.046100
0.021614
0.027848
0.006621
0.014970
0.013087
0.015349
0.088527
0.068395
0.063767
0.075172
0.042730
0.041896
0.023338
0.076702
0.311879
0.220094
0.260014
0.189596
0.136773
0.171954
0.049144
0.064187
0.007473
0.017591
0.042387
0.064802
0.000016
0.021594
0.035994
0.068000
0.031964
0.034368
0.123993
0.142051
0.014097
0.007832
0.000887
0.000090
0.021756
0.040305
0.083073
0.037150
0.013512
0.031974
0.009866
0.000342
0.019348
0.056960
0.060045
0.044096
0.019419
0.047547
0.049116
0.094366
0.111025
0.115646
0.125485
0.255761
0.219797
0.305688
0.100877
0.089125
0.309355
0.349622
0.358533
0.830829
0.997320
1.155613
0.230864
0.083132
0.097656
0.126398
0.070400
0.121024
0.062207
0.111185
0.123194
0.114551
0.141974
0.187995
0.189595
0.225597
0.149163
0.240488
0.208576
0.126664
0.706621
0.647202
0.296895
0.371925
0.566296
0.663723
0.485539
0.116791
0.052909
0.026410
0.050231
0.035201
0.015170
0.070516
0.097142
0.112803
0.198061
0.193681
0.104883
0.134995
0.229586
0.154041
0.097393
0.097601
0.297604
0.211051
0.240885
0.196803
0.168125
0.337454
0.064820
0.075189
0.006253
0.025600
0.059186
0.082397
0.000029
0.033599
0.057589
0.107201
0.053650
0.071205
0.136798
0.172006
0.059191
0.143189
0.045486
0.071548
0.348261
0.189592
0.255962
0.418405
0.368852
0.222396
0.062350
0.092800
0.111702
0.042360
0.038305
0.049454
0.041841
0.060794
0.339567
0.100485
0.138891
0.191461
0.152285
0.281885
0.295667
0.549102
0.360461
0.174415
0.275358
0.413324
0.362729
0.851741
1.006819
1.337061
0.314105
0.080591
0.093269
0.134399
0.077600
0.098780
0.020962
0.051594
0.075190
0.110954
0.125160
0.145598
0.100848
0.118393
0.094118
0.211964
0.194924
0.122429
0.701868
0.764000
0.298447
0.398592
0.483294
0.438406
0.279719
0.100800
0.000913
0.004282
0.037025
0.040029
0.014402
0.043692
0.037941
0.000669
0.052609
0.097773
0.065146
0.074989
0.049536
0.133696
0.029070
0.064660
0.250842
0.201874
0.200642
0.180003
0.181555
0.271896
0.086056
0.079225
0.005823
0.019998
0.028771
0.040787
0.000019
0.022428
0.047644
0.042676
0.061121
0.059192
0.094400
0.132779
0.047210
0.120237
0.061591
0.071200
0.150663
0.112056
0.031967
0.059662
0.079945
0.033458
0.041547
0.009543
0.014958
0.049184
0.039447
0.057686
0.038844
0.061446
0.042581
0.097047
0.075702
0.113294
0.087119
0.170285
0.135337
0.189817
0.100011
0.067617
0.253160
0.316589
0.347028
0.655494
0.717630
1.133464
0.224369
0.065588
0.050526
0.047206
0.025600
0.049599
0.026242
0.043961
0.044829
0.047195
0.039867
0.054401
0.059813
0.064831
0.025874
0.048282
0.051869
0.031599
0.212124
0.137782
0.060514
0.070192
0.183075
0.220992
0.147661
0.039191
0.044295
0.079292
0.038710
0.052800
0.022868
0.031415
0.060408
0.038994
0.147364
0.069804
0.076259
0.089667
0.043531
0.085332
0.043467
0.039201
0.364426
0.310222
0.282112
0.241032
0.199347
0.227059
0.066388
0.109081
0.006071
0.011799
0.000018
0.000011
0.000017
0.000056
0.000125
0.000011
0.053454
0.068799
0.126375
0.172005
0.093876
0.149700
0.058672
0.050786
0.069981
0.092772
0.107588
0.048796
0.072094
0.109456
0.054852
0.006791
0.020866
0.060060
0.050020
0.054842
0.035518
0.053629
0.053164
0.062360
0.079821
0.185510
0.056692
0.230343
0.176805
0.202134
0.063489
0.058808
0.313798
0.327558
0.308136
0.703958
0.878974
1.283734
0.246784
0.107019
0.075668
0.128801
0.069599
0.126800
0.056799
0.102396
0.127188
0.113623
0.194741
0.157592
0.207987
0.248002
0.161971
0.217337
0.150199
0.076000
0.522657
0.519212
0.332853
0.423578
0.565388
0.790198
0.512260
0.132553
0.002052
0.012687
0.031391
0.048803
0.021544
0.044499
0.045587
0.034791
0.103520
0.171098
0.099627
0.067169
0.150195
0.066510
0.008510
0.078057
0.229808
0.203154
0.210974
0.172800
0.134378
0.270256
0.060614
0.067195
0.000878
0.013994
0.032792
0.012838
0.000022
0.000054
0.000194
0.000024
0.000469
0.000058
0.056886
0.076008
0.004910
0.000737
0.042414
0.056000
0.225802
0.019886
0.013942
0.020340
0.016233
0.166246
0.020014
0.000191
0.014217
0.033444
0.073036
0.048225
0.032009
0.036952
0.063032
0.068764
0.058139
0.110029
0.070335
0.164514
0.101400
0.137977
0.031108
0.069997
0.321205
0.346094
0.377962
0.675748
1.132544
1.645131
0.383711
0.122636
0.048458
0.063200
0.048798
0.082484
0.025462
0.048798
0.079144
0.057594
0.153144
0.166394
0.118737
0.139195
0.122761
0.327179
0.196590
0.117725
0.549741
0.463969
0.199312
0.218966
0.270236
0.417012
0.289764
0.097598
