0.000913
0.004282
0.037025
0.040029
0.014402
0.043692
0.037941
0.000669
0.052609
0.097773
0.065146
0.074989
0.049536
0.133696
0.029070
0.064660
0.250842
0.201874
0.200642
0.180003
0.181555
0.271896
0.086056
0.079225
0.005823
0.019998
0.028771
0.040787
0.000019
0.022428
0.047644
0.042676
0.061121
0.059192
0.094400
0.132779
0.047210
0.120237
0.061591
0.071200
0.150663
0.112056
0.031967
0.059662
0.079945
0.033458
0.041547
0.009543
0.014958
0.049184
0.039447
0.057686
0.038844
0.061446
0.042581
0.097047
0.075702
0.113294
0.087119
0.170285
0.135337
0.189817
0.100011
0.067617
0.253160
0.316589
0.347028
0.655494
0.717630
1.133464
0.224369
0.065588
0.050526
0.047206
0.025600
0.049599
0.026242
0.043961
0.044829
0.047195
0.039867
0.054401
0.059813
0.064831
0.025874
0.048282
0.051869
0.031599
0.212124
0.137782
0.060514
0.070192
0.183075
0.220992
0.147661
0.039191
0.012039
0.024619
0.030473
0.022487
0.005146
0.022104
0.020053
0.015714
0.113118
0.043161
0.059594
0.056217
0.043877
0.054993
0.032583
0.015581
0.211255
0.133944
0.217987
0.169362
0.121921
0.198527
0.037082
0.030008
0.001719
0.021264
0.021615
0.000064
0.000016
0.000074
0.000267
0.000036
0.029129
0.053600
0.083996
0.098400
0.048780
0.028014
0.012848
0.008593
