0.032460
0.046100
0.021614
0.027848
0.006621
0.014970
0.013087
0.015349
0.088527
0.068395
0.063767
0.075172
0.042730
0.041896
0.023338
0.076702
0.311879
0.220094
0.260014
0.189596
0.136773
0.171954
0.049144
0.064187
0.007473
0.017591
0.042387
0.064802
0.000016
0.021594
0.035994
0.068000
0.031964
0.034368
0.123993
0.142051
0.014097
0.007832
0.000887
0.000090
0.021756
0.040305
0.083073
0.037150
0.013512
0.031974
0.009866
0.000342
0.019348
0.056960
0.060045
0.044096
0.019419
0.047547
0.049116
0.094366
0.111025
0.115646
0.125485
0.255761
0.219797
0.305688
0.100877
0.089125
0.309355
0.349622
0.358533
0.830829
0.997320
1.155613
0.230864
0.083132
0.097656
0.126398
0.070400
0.121024
0.062207
0.111185
0.123194
0.114551
0.141974
0.187995
0.189595
0.225597
0.149163
0.240488
0.208576
0.126664
0.706621
0.647202
0.296895
0.371925
0.566296
0.663723
0.485539
0.116791
0.052909
0.026410
0.050231
0.035201
0.015170
0.070516
0.097142
0.112803
0.198061
0.193681
0.104883
0.134995
0.229586
0.154041
0.097393
0.097601
0.297604
0.211051
0.240885
0.196803
0.168125
0.337454
0.064820
0.075189
0.006253
0.025600
0.059186
0.082397
0.000029
0.033599
0.057589
0.107201
0.053650
0.071205
0.136798
0.172006
0.059191
0.143189
0.045486
0.071548
0.348261
0.189592
0.255962
0.418405
0.368852
0.222396
0.062350
0.092800
0.111702
0.042360
0.038305
0.049454
0.041841
0.060794
0.339567
0.100485
0.138891
0.191461
0.152285
0.281885
0.295667
0.549102
0.360461
0.174415
0.275358
0.413324
0.362729
0.851741
1.006819
1.337061
0.314105
0.080591
0.093269
0.134399
0.077600
0.098780
0.020962
0.051594
0.075190
0.110954
0.125160
0.145598
0.100848
0.118393
0.094118
0.211964
0.194924
0.122429
0.701868
0.764000
0.298447
0.398592
0.483294
0.438406
0.279719
0.100800
0.001655
0.064926
0.042794
0.020396
0.003216
0.028951
0.037449
0.076794
0.118147
0.108803
0.074522
0.100997
0.090373
0.094280
0.241402
0.141559
0.291578
0.264789
0.239203
0.207998
0.168764
0.280196
0.083974
0.093603
0.005267
0.025992
0.038386
0.014442
0.000046
0.000108
0.000274
0.000025
0.065358
0.037243
0.113956
0.150133
0.061597
0.098528
0.000314
0.018875
0.005840
0.005527
0.017906
0.032160
0.043907
0.075435
0.044968
0.020039
