0.002052
0.012687
0.031391
0.048803
0.021544
0.044499
0.045587
0.034791
0.103520
0.171098
0.099627
0.067169
0.150195
0.066510
0.008510
0.078057
0.229808
0.203154
0.210974
0.172800
0.134378
0.270256
0.060614
0.067195
0.000878
0.013994
0.032792
0.012838
0.000022
0.000054
0.000194
0.000024
0.000469
0.000058
0.056886
0.076008
0.004910
0.000737
0.042414
0.056000
0.225802
0.019886
0.013942
0.020340
0.016233
0.166246
0.020014
0.000191
0.014217
0.033444
0.073036
0.048225
0.032009
0.036952
0.063032
0.068764
0.058139
0.110029
0.070335
0.164514
0.101400
0.137977
0.031108
0.069997
0.321205
0.346094
0.377962
0.675748
1.132544
1.645131
0.383711
0.122636
0.048458
0.063200
0.048798
0.082484
0.025462
0.048798
0.079144
0.057594
0.153144
0.166394
0.118737
0.139195
0.122761
0.327179
0.196590
0.117725
0.549741
0.463969
0.199312
0.218966
0.270236
0.417012
0.289764
0.097598
0.000587
0.000645
0.007882
0.026160
0.002741
0.007241
0.026321
0.036195
0.049868
0.090349
0.101990
0.059614
0.080303
0.058748
0.038727
0.067995
0.182388
0.154287
0.225871
0.185566
0.146604
0.268327
0.052480
0.000592
0.004228
0.021273
0.024629
0.035374
0.000043
0.000341
0.005291
0.000379
0.066921
0.065630
0.000667
0.036956
0.008902
0.000788
0.005708
0.000025
0.055579
0.000314
0.090013
0.063213
0.008189
0.051488
0.017879
0.000029
0.025301
0.028967
0.043107
0.035716
0.054496
0.099020
0.274772
0.141568
0.100799
0.196290
0.074051
0.371268
0.217660
0.345686
0.090399
0.098551
0.295785
0.341004
0.362483
0.672457
0.545061
0.750547
0.190716
0.072593
