0.008261
0.045249
0.084848
0.076643
0.044277
0.053003
0.121223
0.080969
0.121040
0.152519
0.169305
0.244898
0.134834
0.140187
0.093488
0.221045
0.650619
1.023689
0.799046
0.675999
0.591829
0.371922
0.068364
0.861526
0.000362
0.010085
0.010584
0.000414
0.000104
0.000269
0.002295
0.003281
0.041912
0.048796
0.152796
0.147404
0.056669
0.148904
0.064800
0.072238
0.064037
0.054277
0.052686
0.060228
0.044447
0.057295
0.042943
0.475301
0.010525
0.040027
0.046415
0.045597
0.023582
0.055635
0.104181
0.220700
