0.237596
0.031271
0.069675
0.099436
0.005023
0.010933
0.041782
0.039149
0.092274
0.086769
0.080445
0.082366
0.051692
0.081800
0.042998
0.070258
0.244257
0.196693
0.220252
0.183993
0.131180
0.230864
0.056835
0.036285
0.005275
0.017487
0.021561
0.041053
0.001794
0.017339
0.044718
0.040827
0.000199
0.000062
0.000668
0.000737
0.030512
0.015985
0.013725
0.000039
0.049042
0.046776
0.046414
0.131188
0.045404
0.026443
0.006584
0.000178
0.015588
0.039421
0.038526
0.057298
0.037212
0.056950
0.060803
0.077969
0.258055
0.115107
0.084009
0.145351
0.081385
0.135901
0.050552
0.073296
0.467749
0.465017
0.372161
0.846000
0.713715
0.904263
0.198281
0.050376
0.058837
0.084001
0.072048
0.084119
0.045591
0.083192
0.122384
0.089590
0.095977
0.177558
0.063980
0.145612
0.149298
0.191988
0.147451
0.085597
0.556891
0.524538
0.253625
0.344034
0.519091
0.500243
0.329756
0.087776
0.008478
0.025650
0.043122
0.058533
0.006406
0.013143
0.051940
0.082771
0.036507
0.123165
0.071244
0.072099
0.047334
0.043396
0.055658
0.087244
0.445262
0.367195
0.429309
0.344004
0.339189
0.247182
0.025604
0.051443
0.011672
0.014384
0.035188
0.057041
0.000206
0.026641
0.041588
0.043217
0.020473
0.000191
0.000804
0.000788
0.000269
0.013341
0.000311
0.000022
0.204186
0.254414
0.198387
0.270436
0.213630
0.244001
0.050344
0.085599
0.018361
0.041287
0.038990
0.038163
0.018681
0.034835
0.042280
0.077129
0.060584
0.145520
0.107307
0.165737
0.113351
0.176041
0.067138
0.044785
0.344077
0.391121
0.355150
0.733299
0.757847
1.079922
0.288938
0.084250
0.049151
0.054397
0.041605
0.043192
0.003476
0.021050
0.041986
0.038152
0.090708
0.058158
0.043049
0.075204
0.045815
0.045323
0.060017
0.041588
0.215755
0.112365
0.121510
0.100577
0.203903
0.224635
0.136995
0.012243
0.061785
0.056166
0.055193
0.036000
0.014409
0.030427
0.045469
0.102368
0.048547
0.085655
0.096723
0.154007
0.135828
0.162360
0.082549
0.044798
0.397320
0.284611
0.271501
0.271265
0.157520
0.269364
0.044914
0.000647
0.011213
0.027199
0.041590
0.051999
0.000030
0.020124
0.036809
0.047997
0.061742
0.059202
0.079199
0.122783
0.041963
0.116126
0.059999
0.068800
0.096504
0.000336
0.028158
0.100050
0.021322
0.119439
0.037375
0.012047
0.022990
0.036000
0.041299
0.047896
0.030360
0.059586
0.058727
0.112471
0.065358
0.101744
0.068112
0.160435
0.144322
0.197825
0.068558
0.100021
0.303092
0.380415
0.367157
0.732645
0.735609
0.926980
0.246256
0.095991
0.070066
0.100798
0.063201
0.095555
0.027973
0.058397
0.077589
0.092784
0.118721
0.144004
0.125585
0.133594
0.074404
0.080550
0.088187
0.083975
0.600137
0.622371
0.407210
0.460791
0.765433
0.695979
0.548522
0.079643
0.000612
0.000662
0.013255
0.074559
0.000561
0.018466
0.027345
0.024207
0.034458
0.079785
0.062865
0.078790
0.053399
0.065739
0.034792
0.044281
0.199192
0.237055
0.218571
0.194390
0.150966
0.284501
0.082607
0.043109
0.006074
0.025266
0.047185
0.084799
0.007225
0.044797
0.055990
0.080796
0.037144
0.051201
0.125597
0.143977
0.051979
0.052475
0.000290
0.000013
0.006655
0.004221
0.022224
0.052503
0.018388
0.030316
0.028657
0.000190
0.019109
0.033613
0.045577
0.055137
0.030381
0.067884
0.061599
0.101539
0.065080
0.087036
0.076721
0.168631
0.133593
0.201552
0.072705
0.088528
0.297654
0.427283
0.346836
0.669406
0.746108
1.042221
0.229523
0.078360
0.077269
0.100832
0.062398
0.096800
0.025901
0.065290
0.119180
0.114829
0.113481
0.206397
0.118371
0.166744
0.083849
0.112776
0.086036
0.071954
0.585766
0.578379
0.320806
0.370379
0.658683
0.507168
0.233099
0.080455
0.000706
0.000703
0.001392
0.055551
0.014395
0.032183
0.007928
0.010394
0.049792
0.062395
0.080595
0.077432
0.046432
0.117725
0.046379
0.019903
0.210017
0.247624
0.243445
0.188798
0.132029
0.259116
0.087970
0.008028
0.006884
0.012389
0.000066
0.000037
0.000045
0.000084
0.000342
0.000011
0.032359
0.000268
0.001081
0.023652
0.000307
0.006165
0.007615
0.000303
0.018809
0.012943
0.023025
0.019111
0.013235
0.083356
0.053955
0.013484
0.016142
0.043537
0.043187
0.055958
0.055749
0.102732
0.056376
0.133200
0.110618
0.122529
0.079999
0.178146
0.168770
0.191285
0.065270
0.095960
0.297359
0.413304
0.331529
0.747497
0.771174
0.987590
0.234959
0.084878
0.052461
0.083910
0.075999
0.116620
0.035868
0.076795
0.071151
0.108024
0.123539
0.096002
0.089574
0.123456
0.076344
0.234832
0.158928
0.103999
0.180404
0.309259
0.187968
0.216695
0.392401
0.531378
0.353525
0.067540
0.001404
0.025103
0.033300
0.020799
0.007496
0.008961
0.049723
0.021313
0.094115
0.115172
0.099642
0.114417
0.037335
0.054107
0.044989
0.059990
