0.000104
0.000038
0.000019
0.000011
0.000019
0.000087
0.000019
0.000087
0.000152
0.000036
0.000215
0.000196
0.000093
0.000123
0.000093
0.000123
0.000304
0.000231
0.002087
0.002234
0.001198
0.002353
0.001198
0.002353
0.000015
0.000010
0.000012
0.000009
0.000013
0.000060
0.000013
0.000060
0.000088
0.000036
0.000212
0.000198
0.000094
0.000122
0.000094
0.000122
0.000281
0.000220
0.002122
0.002273
0.001174
0.002345
0.001174
0.002345
0.039289
0.055997
0.035198
0.083999
0.013668
0.040796
0.013668
0.040796
0.055217
0.075999
0.057591
0.068750
0.025638
0.052797
0.025638
0.052797
0.279827
0.275195
0.106422
0.102175
0.059180
0.105538
0.059180
0.105538
0.032481
0.070393
0.027199
0.063200
0.037601
0.076800
0.037601
0.076800
0.039152
0.069601
0.049597
0.067200
0.034437
0.068788
0.034437
0.068788
0.247028
0.262389
0.129701
0.153137
0.057224
0.067985
0.057224
0.067985
0.000040
0.000084
0.000014
0.000010
0.000014
0.000017
0.000014
0.000017
0.000240
0.000042
0.000285
0.000262
0.000121
0.000152
0.000121
0.000152
0.000789
0.000268
0.002784
0.003050
0.001481
0.002959
0.001481
0.002959
0.000099
0.000008
0.000013
0.000010
0.000014
0.000074
0.000014
0.000074
0.000089
0.000036
0.000212
0.000201
0.000132
0.000125
0.000132
0.000125
0.000995
0.000439
0.002680
0.002756
0.001373
0.002432
0.001373
0.002432
0.040928
0.058401
0.064796
0.070397
0.029606
0.060795
0.029606
0.060795
0.048830
0.076804
0.077599
0.067198
0.040824
0.079204
0.040824
0.079204
0.203079
0.364795
0.099259
0.091195
0.105185
0.091627
0.105185
0.091627
0.035340
0.078400
0.031199
0.067201
0.017610
0.045598
0.017610
0.045598
0.072049
0.075275
0.057597
0.089605
0.051119
0.106630
0.051119
0.106630
0.303755
0.280806
0.112822
0.135999
0.058611
0.051700
0.058611
0.051700
0.000102
0.000011
0.000016
0.000011
0.000013
0.000074
0.000013
0.000074
0.000087
0.000036
0.000212
0.000207
0.000093
0.000123
0.000093
0.000123
0.000294
0.000222
0.002622
0.002800
0.001278
0.002432
0.001278
0.002432
0.000049
0.000064
0.000012
0.000011
0.000014
0.000062
0.000014
0.000062
0.000263
0.000043
0.000277
0.000238
0.000099
0.000128
0.000099
0.000128
0.000800
0.000283
0.002685
0.002791
0.001350
0.003118
0.001350
0.003118
0.029753
0.063999
0.045440
0.070396
0.003359
0.035847
0.003359
0.035847
0.057658
0.090412
0.059178
0.070375
0.017655
0.064868
0.017655
0.064868
0.267855
0.261599
0.124797
0.184759
0.045494
0.091585
0.045494
0.091585
0.037722
0.058395
0.031999
0.046400
0.007025
0.025598
0.007025
0.025598
0.056751
0.075990
0.038404
0.067201
0.038408
0.050384
0.038408
0.050384
0.231812
0.318384
0.100045
0.109602
0.063774
0.092983
0.063774
0.092983
0.000016
0.000065
0.000018
0.000009
0.000014
0.000060
0.000014
0.000060
0.000085
0.000036
0.000211
0.000198
0.000098
0.000124
0.000098
0.000124
0.000293
0.000220
0.002120
0.002282
0.001234
0.002421
0.001234
0.002421
0.000016
0.000011
0.000012
0.000009
0.000013
0.000062
0.000013
0.000062
0.000086
0.000036
0.000221
0.000196
0.000094
0.000124
0.000094
0.000124
0.000878
0.000294
0.002602
0.002571
0.001243
0.002414
0.001243
0.002414
0.038537
0.062398
0.033601
0.052814
0.019215
0.048159
0.019215
0.048159
0.057657
0.063195
0.063195
0.080815
0.041662
0.071186
0.041662
0.071186
0.296278
0.298365
0.087253
0.106439
0.065660
0.118498
0.065660
0.118498
0.044255
0.056000
0.036798
0.067199
0.005751
0.025595
0.005751
0.025595
0.043381
0.073596
0.059993
0.099204
0.047239
0.091146
0.047239
0.091146
0.314240
0.320023
0.097209
0.099952
0.056602
0.060972
0.056602
0.060972
0.000078
0.000010
0.000020
0.000012
0.000017
0.000080
0.000017
0.000080
0.000222
0.000042
0.000305
0.000319
0.000129
0.000161
0.000129
0.000161
0.000494
0.000263
0.002873
0.003197
0.001567
0.002746
0.001567
0.002746
0.000016
0.000011
0.000012
0.000009
0.000014
0.000062
0.000014
0.000062
0.000091
0.000039
0.000226
0.000228
0.000101
0.000132
0.000101
0.000132
0.000702
0.000253
0.002686
0.002849
0.001519
0.002981
0.001519
0.002981
0.030537
0.053601
0.033596
0.063196
0.015973
0.038398
0.015973
0.038398
0.060875
0.103201
0.057573
0.079199
0.043423
0.077527
0.043423
0.077527
0.235895
0.233593
0.104835
0.119149
0.072996
0.127764
0.072996
0.127764
0.040921
0.080001
0.045599
0.068801
0.008894
0.035928
0.008894
0.035928
0.076064
0.057584
0.055193
0.099198
0.040809
0.061646
0.040809
0.061646
0.258557
0.447632
0.189642
0.170083
0.062331
0.077670
0.062331
0.077670
0.000072
0.000070
0.000015
0.000010
0.000016
0.000068
0.000016
0.000068
0.000234
0.000044
0.000258
0.000246
0.000126
0.000172
0.000126
0.000172
0.001112
0.000478
0.003156
0.003515
0.001680
0.003256
0.001680
0.003256
0.000035
0.000061
0.000015
0.000011
0.000018
0.000070
0.000018
0.000070
0.000261
0.000041
0.000293
0.000290
0.000143
0.000162
0.000143
0.000162
0.000561
0.000263
0.002688
0.003007
0.001750
0.002757
0.001750
0.002757
0.036161
0.055197
0.047201
0.069214
0.034071
0.056804
0.034071
0.056804
0.059567
0.083203
0.057587
0.090357
0.052004
0.064768
0.052004
0.064768
0.224709
0.248744
0.091223
0.128806
0.047722
0.080008
0.047722
0.080008
0.048445
0.067998
0.035200
0.057611
0.010422
0.071185
0.010422
0.071185
0.057719
0.065584
0.082563
0.073602
0.051217
0.066385
0.051217
0.066385
0.236648
0.334397
0.107906
0.149543
0.081733
0.104010
0.081733
0.104010
0.000015
0.000010
0.000013
0.000009
0.000019
0.000064
0.000019
0.000064
0.000086
0.000036
0.000213
0.000203
0.000100
0.000126
0.000100
0.000126
0.000912
0.000253
0.002480
0.002649
0.001247
0.002516
0.001247
0.002516
0.000018
0.000062
0.000011
0.000009
0.000014
0.000060
0.000014
0.000060
0.000084
0.000036
0.000224
0.000197
0.000094
0.000123
0.000094
0.000123
0.000292
0.000231
0.002220
0.002395
0.001228
0.002418
0.001228
0.002418
0.037722
0.056798
0.050399
0.069599
0.006550
0.031196
0.006550
0.031196
0.068804
0.070406
0.043192
0.089976
0.050647
0.061455
0.050647
0.061455
0.151857
0.227163
0.103241
0.085225
0.065965
0.110410
0.065965
0.110410
0.023283
0.052798
0.048798
0.067201
0.012064
0.028746
0.012064
0.028746
0.062378
0.057039
0.055976
0.056801
0.028846
0.054384
0.028846
0.054384
0.241835
0.271211
0.111961
0.148003
0.082782
0.073694
0.082782
0.073694
0.000096
0.000009
0.000014
0.000010
0.000014
0.000074
0.000014
0.000074
0.000191
0.000040
0.000248
0.000202
0.000096
0.000128
0.000096
0.000128
0.001047
0.000370
0.002472
0.002505
0.001199
0.002455
0.001199
0.002455
0.000013
0.000010
0.000012
0.000009
0.000014
0.000064
0.000014
0.000064
0.000132
0.000052
0.000326
0.000309
0.000128
0.000158
0.000128
0.000158
0.000556
0.000303
0.003045
0.003375
0.001850
0.003055
0.001850
0.003055
0.037686
0.064797
0.042398
0.059199
0.004078
0.038396
0.004078
0.038396
0.070344
0.089592
0.082396
0.073586
0.026380
0.041337
0.026380
0.041337
0.223815
0.202412
0.095302
0.129240
0.057687
0.074307
0.057687
0.074307
0.018474
0.044000
0.050398
0.052801
0.018798
0.031997
0.018798
0.031997
0.059944
0.083999
0.077589
0.094400
0.043234
0.075091
0.043234
0.075091
0.113763
0.263864
0.108786
0.108527
0.074538
0.069222
0.074538
0.069222
0.000015
0.000010
0.000013
0.000008
0.000013
0.000059
0.000013
0.000059
0.000086
0.000037
0.000238
0.000213
0.000093
0.000123
0.000093
0.000123
0.000296
0.000221
0.002122
0.002278
0.001180
0.002382
0.001180
0.002382
0.000016
0.000009
0.000011
0.000009
0.000014
0.000059
0.000014
0.000059
0.000092
0.000036
0.000211
0.000197
0.000094
0.000124
0.000094
0.000124
0.000283
0.000220
0.002122
0.002288
0.001192
0.002375
0.001192
0.002375
0.050051
0.060002
0.037049
0.068800
0.016583
0.050674
0.016583
0.050674
0.054392
0.056809
0.066398
0.092800
0.044124
0.082590
0.044124
0.082590
0.258285
0.231207
0.052911
0.097607
0.066245
0.087447
0.066245
0.087447
0.048157
0.053544
0.029599
0.043998
0.006555
0.024799
0.006555
0.024799
0.085569
0.080820
0.050394
0.082368
0.028015
0.064791
0.028015
0.064791
0.222259
0.181580
0.072925
0.069537
0.035306
0.040279
0.035306
0.040279
0.000104
0.000008
0.000024
0.000011
0.000014
0.000075
0.000014
0.000075
0.000096
0.000037
0.000217
0.000207
0.000104
0.000127
0.000104
0.000127
0.000295
0.000228
0.002182
0.002428
0.001460
0.002681
0.001460
0.002681
0.000014
0.000009
0.000012
0.000009
0.000014
0.000060
0.000014
0.000060
0.000131
0.000037
0.000249
0.000232
0.000104
0.000125
0.000104
0.000125
0.000304
0.000228
0.002150
0.002323
0.001212
0.002364
0.001212
0.002364
0.031266
0.057600
0.036001
0.061601
0.008034
0.028794
0.008034
0.028794
0.060817
0.102698
0.047984
0.060804
0.040838
0.058293
0.040838
0.058293
0.257793
0.335264
0.080016
0.149624
0.051732
0.053838
0.051732
0.053838
0.022463
0.055997
0.051350
0.068000
0.008054
0.036793
0.008054
0.036793
0.062899
0.059204
0.040798
0.065601
0.022439
0.047223
0.022439
0.047223
0.280182
0.272776
0.092828
0.116478
0.051924
0.076666
0.051924
0.076666
