0.020793
0.025621
0.024265
0.025502
0.008757
0.061819
0.008626
0.031961
0.096135
0.128782
0.065712
0.113330
0.078804
0.050919
0.039886
0.056002
0.201051
0.175515
0.238397
0.190402
0.184769
0.333560
0.071432
0.058631
0.000109
0.000015
0.000017
0.000013
0.000016
0.000055
0.000125
0.000012
0.047549
0.072865
0.000342
0.016527
0.000138
0.006513
0.035996
0.000014
0.035501
0.064927
0.081415
0.097808
0.030607
0.047096
0.034406
0.000079
0.012936
0.045626
0.050296
0.045214
0.026164
0.047895
0.050388
0.061199
0.056675
0.109227
0.069847
0.167387
0.122967
0.183435
0.067191
0.050404
0.622293
0.634497
0.698072
1.456338
1.792010
2.137323
0.498662
0.077193
0.075678
0.071998
0.053598
0.099987
0.038972
0.066397
0.083997
0.073527
