0.044295
0.079292
0.038710
0.052800
0.022868
0.031415
0.060408
0.038994
0.147364
0.069804
0.076259
0.089667
0.043531
0.085332
0.043467
0.039201
0.364426
0.310222
0.282112
0.241032
0.199347
0.227059
0.066388
0.109081
0.006071
0.011799
0.000018
0.000011
0.000017
0.000056
0.000125
0.000011
0.053454
0.068799
0.126375
0.172005
0.093876
0.149700
0.058672
0.050786
0.069981
0.092772
0.107588
0.048796
0.072094
0.109456
0.054852
0.006791
0.020866
0.060060
0.050020
0.054842
0.035518
0.053629
0.053164
0.062360
0.079821
0.185510
0.056692
0.230343
0.176805
0.202134
0.063489
0.058808
0.313798
0.327558
0.308136
0.703958
0.878974
1.283734
0.246784
0.107019
0.075668
0.128801
0.069599
0.126800
0.056799
0.102396
0.127188
0.113623
0.194741
0.157592
0.207987
0.248002
0.161971
0.217337
0.150199
0.076000
0.522657
0.519212
0.332853
0.423578
0.565388
0.790198
0.512260
0.132553
0.048271
0.063534
0.050390
0.039599
0.007085
0.028497
0.043584
0.133444
0.052885
0.067011
0.085830
0.071205
0.067724
0.079505
0.045630
0.037960
0.274296
0.392079
0.343590
0.347946
0.380447
0.301114
0.060879
0.091196
0.001696
0.008010
0.056219
0.081481
0.005129
0.028828
0.058391
0.060802
0.061149
0.086408
0.124782
0.200619
0.084754
0.142522
0.071991
0.086399
0.095098
0.071824
0.081412
0.088555
0.078340
0.073413
0.047850
0.030543
