0.022232
0.013745
0.012851
0.018571
0.010440
0.012444
0.016266
0.006564
0.006195
0.045020
0.025410
0.026795
1.008182
0.424753
0.339467
0.991807
0.164254
0.203899
4.642121
1.572826
1.349782
1.532424
0.542652
0.515234
0.105901
0.013279
0.010888
0.572615
0.009359
0.007627
1.065474
0.033210
0.071501
0.728356
0.116966
0.138744
1.619826
0.480032
0.784621
5.111957
0.938550
1.113509
1.141013
0.082213
0.057209
0.369352
0.098628
0.157342
1.172977
0.196994
0.350436
3.078427
0.936300
0.648264
1.567488
0.388499
0.763608
2.563624
1.155417
1.024127
7.905381
2.414928
2.196608
0.821686
0.670655
0.614672
0.898478
0.685646
0.135499
0.481034
0.085931
0.398782
0.494346
0.169156
0.070705
1.016140
0.177592
0.078311
2.137811
0.451836
0.513483
6.397620
1.480203
1.252102
0.010039
0.005764
0.005758
0.084115
0.006559
0.005651
0.039372
0.008409
0.007392
0.058680
0.015625
0.017037
0.248493
0.085231
0.036019
0.953076
0.730429
0.696729
3.870847
1.452238
1.528993
0.056314
0.012379
0.009687
0.041255
0.006572
0.005461
0.623769
0.010533
0.007513
0.170648
0.023993
0.072529
2.840510
0.692590
0.654261
2.691560
0.758548
0.535208
6.013180
1.673661
1.173308
0.056700
0.011070
0.009112
0.055093
0.220431
0.291491
1.116167
0.078320
0.078939
0.353894
0.259946
0.046079
0.408764
0.359231
0.293707
3.660441
1.158872
0.562607
8.555420
2.351889
1.699455
0.315289
0.014188
0.005804
3.495536
0.071487
0.448025
1.648507
1.375713
0.406417
2.147435
0.666822
0.119766
0.755192
0.338796
0.065258
3.626057
0.795946
0.858218
8.329726
1.659636
1.457687
0.733068
0.427844
0.332823
0.012255
0.005733
0.005142
0.389685
0.008063
0.007607
0.908563
0.016923
0.014906
0.315898
0.637427
0.188283
1.296585
0.394705
0.159424
4.451348
1.110837
1.245975
0.013489
0.017722
0.012526
0.776922
0.007287
0.005358
0.166274
0.016937
0.006985
0.077282
0.018316
0.015152
0.319033
0.312577
0.671238
2.833230
0.520951
0.174162
6.531031
1.918945
1.424936
0.808339
0.503949
0.589617
0.816861
0.575225
0.551316
0.050043
0.014055
0.007959
0.359940
0.022044
0.016254
0.270830
0.081700
0.206370
1.306945
0.641734
0.588363
7.150597
1.206795
0.962871
0.141307
0.005420
0.004970
0.017154
0.005647
0.004857
0.036746
0.007960
0.006783
0.117167
0.028537
0.015685
2.233804
0.757220
0.755236
1.376528
0.715539
0.579957
8.304139
2.046203
1.472300
0.010750
0.005303
0.004766
0.027954
0.006920
0.005803
0.079708
0.007584
0.007260
0.056348
0.014920
0.014081
0.361321
0.067789
0.039935
0.834987
0.358748
0.554723
4.464410
0.785423
0.674674
0.048462
0.005733
0.020468
0.068792
0.008028
0.006155
0.053798
0.008036
0.007794
0.149399
0.024320
0.038863
0.292600
0.060638
0.108157
1.302969
0.218649
0.367446
6.675090
1.632133
1.421372
0.620007
0.589917
0.553972
0.730290
0.629132
0.331348
1.012572
0.028375
0.007655
1.269754
0.025738
0.016478
0.285988
0.060689
0.043839
1.239657
0.286254
0.157073
5.904982
1.329751
1.083737
0.115360
0.035717
0.036422
0.037160
0.009115
0.047881
0.591506
0.554286
0.629829
0.607675
0.022525
0.015057
0.360113
0.131345
0.226351
2.493769
0.804362
0.625894
5.928298
1.727087
0.769244
0.018667
0.005113
0.004598
0.011205
0.004891
0.004379
0.015940
0.006154
0.005814
0.050347
0.013484
0.017250
0.201697
0.050251
0.123277
0.874541
0.566478
0.183082
3.099449
1.066056
0.667492
0.460630
0.028121
0.005027
0.048527
0.008632
0.006210
0.068216
0.008846
0.007708
1.423253
0.525438
0.523169
0.343837
0.078172
0.085331
1.583828
0.741973
0.724809
7.004651
1.766798
1.755547
0.024789
0.008537
0.007100
0.213714
0.006813
0.012117
0.680701
0.530920
0.287848
0.206675
0.027608
0.014964
0.294009
0.060123
0.062521
1.434910
0.262525
0.168014
5.247067
1.102986
0.661352
0.651673
0.040406
0.005518
0.025230
0.006302
0.005239
0.039574
0.013712
0.017878
0.181022
0.016195
0.014363
0.353924
0.078935
0.044583
1.192569
0.306793
0.175725
5.484400
1.228462
0.638052
