0.237596
0.031271
0.069675
0.099436
0.005023
0.010933
0.006788
0.058139
0.092274
0.086769
0.080445
0.082366
0.051692
0.081800
1.488818
0.190921
0.244257
0.196693
0.220252
0.183993
0.131180
0.230864
0.438557
0.483458
0.005275
0.017487
0.021561
0.041053
0.001794
0.017339
0.005442
0.013421
0.000199
0.000062
0.000668
0.000737
0.030512
0.015985
0.004713
0.061857
0.049042
0.046776
0.046414
0.131188
0.045404
0.026443
0.019504
0.090446
0.015588
0.039421
0.038526
0.057298
0.037212
0.056950
0.302115
0.167307
0.258055
0.115107
0.084009
0.145351
0.081385
0.135901
0.457903
2.300900
0.467749
0.465017
0.372161
0.846000
0.713715
0.904263
1.572557
3.225466
0.058837
0.084001
0.072048
0.084119
0.045591
0.083192
0.533986
0.100108
0.095977
0.177558
0.063980
0.145612
0.149298
0.191988
0.819712
0.568042
0.556891
0.524538
0.253625
0.344034
0.519091
0.500243
0.804915
3.904501
0.008478
0.025650
0.043122
0.058533
0.006406
0.013143
0.024948
0.068455
0.036507
0.123165
0.071244
0.072099
0.047334
0.043396
0.133514
0.073760
0.445262
0.367195
0.429309
0.344004
0.339189
0.247182
0.423031
0.297519
0.011672
0.014384
0.035188
0.057041
0.000206
0.026641
0.000944
0.000693
0.020473
0.000191
0.000804
0.000788
0.000269
0.013341
0.027643
0.006941
0.204186
0.254414
0.198387
0.270436
0.213630
0.244001
0.017323
0.062373
0.018361
0.041287
0.038990
0.038163
0.018681
0.034835
0.458546
0.563105
0.060584
0.145520
0.107307
0.165737
0.113351
0.176041
0.332430
0.969166
0.344077
0.391121
0.355150
0.733299
0.757847
1.079922
2.782661
5.067255
0.049151
0.054397
0.041605
0.043192
0.003476
0.021050
0.061242
0.081671
0.090708
0.058158
0.043049
0.075204
0.045815
0.045323
0.194924
0.485930
0.215755
0.112365
0.121510
0.100577
0.203903
0.224635
0.928891
4.516871
0.061785
0.056166
0.055193
0.036000
0.014409
0.030427
0.209425
0.014581
0.048547
0.085655
0.096723
0.154007
0.135828
0.162360
0.276061
0.077113
0.397320
0.284611
0.271501
0.271265
0.157520
0.269364
0.616884
0.418528
0.011213
0.027199
0.041590
0.051999
0.000030
0.020124
0.002877
0.000285
0.061742
0.059202
0.079199
0.122783
0.041963
0.116126
0.017823
0.015239
0.096504
0.000336
0.028158
0.100050
0.021322
0.119439
0.025145
0.040915
0.022990
0.036000
0.041299
0.047896
0.030360
0.059586
0.196249
0.191252
0.065358
0.101744
0.068112
0.160435
0.144322
0.197825
3.001004
1.570511
0.303092
0.380415
0.367157
0.732645
0.735609
0.926980
1.636945
3.613313
0.070066
0.100798
0.063201
0.095555
0.027973
0.058397
0.109128
0.086399
0.118721
0.144004
0.125585
0.133594
0.074404
0.080550
0.124334
1.332805
0.600137
0.622371
0.407210
0.460791
0.765433
0.695979
1.721609
4.755524
0.000612
0.000662
0.013255
0.074559
0.000561
0.018466
0.013751
0.031518
0.034458
0.079785
0.062865
0.078790
0.053399
0.065739
0.896394
0.373124
0.199192
0.237055
0.218571
0.194390
0.150966
0.284501
0.168932
0.219115
0.006074
0.025266
0.047185
0.084799
0.007225
0.044797
0.001577
0.000418
0.037144
0.051201
0.125597
0.143977
0.051979
0.052475
0.054798
0.002216
0.006655
0.004221
0.022224
0.052503
0.018388
0.030316
0.011603
0.115087
0.019109
0.033613
0.045577
0.055137
0.030381
0.067884
0.487623
0.218198
0.065080
0.087036
0.076721
0.168631
0.133593
0.201552
0.827882
1.395627
0.297654
0.427283
0.346836
0.669406
0.746108
1.042221
1.778924
4.412712
0.077269
0.100832
0.062398
0.096800
0.025901
0.065290
0.083604
0.077014
0.113481
0.206397
0.118371
0.166744
0.083849
0.112776
0.302386
0.555356
0.585766
0.578379
0.320806
0.370379
0.658683
0.507168
0.779020
3.773616
0.000706
0.000703
0.001392
0.055551
0.014395
0.032183
0.023898
0.032758
0.049792
0.062395
0.080595
0.077432
0.046432
0.117725
0.056394
0.072061
0.210017
0.247624
0.243445
0.188798
0.132029
0.259116
0.444400
0.206964
0.006884
0.012389
0.000066
0.000037
0.000045
0.000084
0.014663
0.018397
0.032359
0.000268
0.001081
0.023652
0.000307
0.006165
0.002127
0.005649
0.018809
0.012943
0.023025
0.019111
0.013235
0.083356
0.029363
0.051264
0.016142
0.043537
0.043187
0.055958
0.055749
0.102732
0.115501
0.171830
0.110618
0.122529
0.079999
0.178146
0.168770
0.191285
4.240235
0.664523
0.297359
0.413304
0.331529
0.747497
0.771174
0.987590
2.782412
6.423099
0.052461
0.083910
0.075999
0.116620
0.035868
0.076795
0.045573
0.066117
0.123539
0.096002
0.089574
0.123456
0.076344
0.234832
0.561426
0.649761
0.180404
0.309259
0.187968
0.216695
0.392401
0.531378
0.727383
3.891359
0.032460
0.046100
0.021614
0.027848
0.006621
0.014970
0.006922
0.017091
0.088527
0.068395
0.063767
0.075172
0.042730
0.041896
0.054904
0.120510
0.311879
0.220094
0.260014
0.189596
0.136773
0.171954
0.772132
0.389174
0.007473
0.017591
0.042387
0.064802
0.000016
0.021594
0.014094
0.011996
0.031964
0.034368
0.123993
0.142051
0.014097
0.007832
0.064367
0.160789
0.021756
0.040305
0.083073
0.037150
0.013512
0.031974
0.035885
0.090664
0.019348
0.056960
0.060045
0.044096
0.019419
0.047547
0.144865
0.095738
0.111025
0.115646
0.125485
0.255761
0.219797
0.305688
0.296644
1.892983
0.309355
0.349622
0.358533
0.830829
0.997320
1.155613
2.226861
3.100742
0.097656
0.126398
0.070400
0.121024
0.062207
0.111185
0.077280
0.175189
0.141974
0.187995
0.189595
0.225597
0.149163
0.240488
0.308360
0.612326
0.706621
0.647202
0.296895
0.371925
0.566296
0.663723
1.019608
3.889603
0.052909
0.026410
0.050231
0.035201
0.015170
0.070516
0.151066
0.264399
0.198061
0.193681
0.104883
0.134995
0.229586
0.154041
0.243792
0.318452
0.297604
0.211051
0.240885
0.196803
0.168125
0.337454
0.341007
0.268945
0.006253
0.025600
0.059186
0.082397
0.000029
0.033599
0.000262
0.000116
0.053650
0.071205
0.136798
0.172006
0.059191
0.143189
0.045760
0.010374
0.348261
0.189592
0.255962
0.418405
0.368852
0.222396
0.042078
0.093546
0.111702
0.042360
0.038305
0.049454
0.041841
0.060794
0.817028
0.165991
0.138891
0.191461
0.152285
0.281885
0.295667
0.549102
2.071191
1.494179
0.275358
0.413324
0.362729
0.851741
1.006819
1.337061
2.903495
4.601957
0.093269
0.134399
0.077600
0.098780
0.020962
0.051594
0.043675
0.091952
0.125160
0.145598
0.100848
0.118393
0.094118
0.211964
0.125978
0.485734
0.701868
0.764000
0.298447
0.398592
0.483294
0.438406
0.736104
3.726545
0.000913
0.004282
0.037025
0.040029
0.014402
0.043692
0.001136
0.032482
0.052609
0.097773
0.065146
0.074989
0.049536
0.133696
0.150279
0.206946
0.250842
0.201874
0.200642
0.180003
0.181555
0.271896
0.895772
0.233012
0.005823
0.019998
0.028771
0.040787
0.000019
0.022428
0.002266
0.002388
0.061121
0.059192
0.094400
0.132779
0.047210
0.120237
0.003799
0.015907
0.150663
0.112056
0.031967
0.059662
0.079945
0.033458
0.041942
0.075760
0.014958
0.049184
0.039447
0.057686
0.038844
0.061446
0.153889
0.268515
0.075702
0.113294
0.087119
0.170285
0.135337
0.189817
0.543884
1.055468
0.253160
0.316589
0.347028
0.655494
0.717630
1.133464
1.323746
3.283022
0.050526
0.047206
0.025600
0.049599
0.026242
0.043961
0.025821
0.023877
0.039867
0.054401
0.059813
0.064831
0.025874
0.048282
0.099116
0.371720
0.212124
0.137782
0.060514
0.070192
0.183075
0.220992
0.654076
2.896144
0.044295
0.079292
0.038710
0.052800
0.022868
0.031415
0.013705
0.009120
0.147364
0.069804
0.076259
0.089667
0.043531
0.085332
0.039256
0.068209
0.364426
0.310222
0.282112
0.241032
0.199347
0.227059
0.453036
0.252548
0.006071
0.011799
0.000018
0.000011
0.000017
0.000056
0.000998
0.000264
0.053454
0.068799
0.126375
0.172005
0.093876
0.149700
0.000995
0.002137
0.069981
0.092772
0.107588
0.048796
0.072094
0.109456
0.019549
0.082908
0.020866
0.060060
0.050020
0.054842
0.035518
0.053629
0.039742
0.158132
0.079821
0.185510
0.056692
0.230343
0.176805
0.202134
0.631820
0.974825
0.313798
0.327558
0.308136
0.703958
0.878974
1.283734
1.552417
3.981546
0.075668
0.128801
0.069599
0.126800
0.056799
0.102396
0.047619
0.063199
0.194741
0.157592
0.207987
0.248002
0.161971
0.217337
0.094774
0.357158
0.522657
0.519212
0.332853
0.423578
0.565388
0.790198
0.658070
2.977278
0.002052
0.012687
0.031391
0.048803
0.021544
0.044499
0.008382
0.007262
0.103520
0.171098
0.099627
0.067169
0.150195
0.066510
0.076203
0.086915
0.229808
0.203154
0.210974
0.172800
0.134378
0.270256
0.283175
0.234994
0.000878
0.013994
0.032792
0.012838
0.000022
0.000054
0.001304
0.000115
0.000469
0.000058
0.056886
0.076008
0.004910
0.000737
0.004685
0.001949
0.225802
0.019886
0.013942
0.020340
0.016233
0.166246
0.007800
0.034896
0.014217
0.033444
0.073036
0.048225
0.032009
0.036952
0.269722
0.220141
0.058139
0.110029
0.070335
0.164514
0.101400
0.137977
1.021691
1.024626
0.321205
0.346094
0.377962
0.675748
1.132544
1.645131
1.182295
4.133428
0.048458
0.063200
0.048798
0.082484
0.025462
0.048798
0.034845
0.052754
0.153144
0.166394
0.118737
0.139195
0.122761
0.327179
0.319646
0.397970
0.549741
0.463969
0.199312
0.218966
0.270236
0.417012
0.733668
3.211824
