0.008818
0.037037
0.044005
0.055138
0.030485
0.057298
0.049590
0.054859
0.069968
0.050403
0.065636
0.086377
0.036001
0.114535
0.047947
0.082508
0.066943
0.164151
0.072822
0.171706
0.084847
0.164473
0.039224
0.001413
0.010935
0.240233
0.038115
0.119976
0.062424
0.141998
0.171766
0.085699
0.071233
0.129764
0.075123
0.170940
0.162669
0.217319
0.099706
0.085444
0.474486
0.477552
0.374474
0.827903
0.825510
1.042192
0.191969
0.078378
0.067643
0.113990
0.076000
0.107199
0.048960
0.077594
0.072789
0.082367
0.127510
0.126372
0.120771
0.143976
0.096431
0.160951
0.142381
0.066572
